24028
38843
22749
02107
48896
12387
53904
20202
57488
55837
05735
46869
05227
68179
14626
14621
04174
44422
08436
13318
55626
10888
15556
19708
13535
11752
43683
53673
20736
21933
49179
45651
04346
04614
17885
12227
70347
41170
63279
37302
58280
01457
22486
58939
03521
18316
20799
45595
06822
35215
25980
39366
57273
27414
16237
53446
44034
06318
57416
49543
03311
60461
60463
36790
70138
27101
45116
48562
18090
48053
67166
06967
59549
52380
16928
52834
32092
46595
43449
47386
57646
43558
49155
48207
15712
70361
10519
26831
67578
67579
67577
09522
19198
14450
48729
37988
32561
44810
59203
39386
39384
04160
08822
32967
39038
39039
16211
56786
06370
43831
14571
68132
70111
70119
14840
56880
04428
27828
62202
61696
61587
40568
10791
09741
12875
20930
46605
50328
50323
22633
59038
55538
70371
13654
13658
26294
14055
51733
42196
16975
52149
70307
63501
42992
22997
22998
04300
26855
38700
33979
42707
35806
50416
67884
67339
28285
07374
50846
54788
50840
34704
02615
19621
19262
12078
67266
61134
43813
17303
11475
70171
47802
27848
59760
27915
11812
44957
44955
40463
18247
28074
06164
26500
42676
26506
18497
14172
11265
57944
25521
17624
42426
17317
30674
55807
53211
05639
53246
22973
45368
08118
44548
70325
70320
62166
67530
67535
59000
55075
08377
23204
51550
52109
50021
39074
27594
46712
21837
56299
36036
68088
54360
57210
17434
17432
38589
58768
36737
70157
07126
05215
10472
14802
37067
30582
19929
67275
67278
40656
14772
24256
28589
47135
44447
19844
38206
11206
11209
36838
22096
19769
19310
10314
63769
56252
26122
52180
37474
37475
56977
05477
29380
54586
67519
08173
67048
67049
15956
15691
45684
27175
54188
34743
22136
45186
55745
57344
67623
52511
36719
42090
24867
62823
19909
59728
22126
46656
26688
35994
35197
18107
28428
14473
35371
47363
07259
33848
23432
24042
16190
06077
06072
06070
16449
64082
37396
09577
32752
70056
05497
58629
17716
17718
13154
53258
37909
45905
56002
17907
67061
08620
44018
02941
67397
61965
55322
08845
67182
43702
67636
49005
37023
16435
55643
24058
09149
64275
09494
07236
15480
70264
36997
09729
53071
67455
07095
07093
07092
67456
58625
07275
05495
25925
25674
11292
44183
40527
06051
21177
63720
05655
01721
57519
54548
33463
33462
17730
54926
14383
14382
04295
02634
12972
20455
57542
15447
67911
66549
22460
45467
56053
08446
07425
02354
64297
65805
16810
05756
54958
58187
45066
04195
08478
33699
09841
62241
07072
16129
27762
25947
36420
51299
43576
52922
26498
41256
23029
43519
58743
51094
10196
17751
53290
24175
41771
61130
07715
35970
50719
26708
50138
06483
06481
40093
07681
19171
28772
23865
27156
25428
39646
03750
04374
12107
21707
08300
37575
49435
68026
40308
08415
54352
18164
48933
32480
50050
02173
31560
42136
63562
70030
33607
52769
57566
21394
42953
05165
09847
21319
62760
18421
59154
00581
53418
53419
63325
37960
26723
50192
40114
67627
16595
32298
29405
53177
63662
51203
61804
49180
09470
70201
13258
13252
13498
47565
04049
18027
44377
08439
28380
15550
29654
24585
55203
17605
18882
51920
12022
55865
42752
42756
09867
00434
37930
53435
53432
53433
62693
52168
64002
09811
28266
11065
17899
61448
02624
07579
51689
16568
19798
06195
67722
53159
42316
45829
40827
21217
45514
30389
32885
62384
53848
37395
04683
62779
40126
04067
01062
32883
03483
67850
44828
61989
52944
55983
60855
03089
38482
16896
46432
64351
20624
47735
61845
12336
12332
04363
53228
29087
47341
07276
26832
16103
37879
51893
44571
50953
11305
25924
07599
28823
64439
15218
16540
32166
20321
21052
52088
43900
63191
21239
08330
45576
09431
43944
36398
47458
32515
47456
15779
15778
46310
14431
40816
30830
34136
34134
67876
44842
07929
11929
06526
63626
57361
28121
56191
02158
10270
32419
33340
45494
25251
50465
20013
20976
45721
68184
29865
54299
02716
16128
28050
62032
67605
67600
02097
04805
42760
56567
43386
49650
46059
54462
52608
00635
35673
62735
31297
24827
37843
15536
59479
34391
34116
67819
08947
27983
52350
31896
51234
11533
61145
46164
02850
53035
56788
57440
07611
44296
42842
42840
24056
20402
01016
20991
60043
35554
18063
18064
62329
57924
47174
20341
56546
50622
21014
60966
25481
41810
34549
11704
57637
48507
62285
62283
45178
34822
36682
54442
22356
15730
04216
33303
34358
31659
01224
67831
00667
10408
53553
39353
34685
11552
43087
07474
11947
53017
02564
63621
45105
14390
38531
68145
68141
04016
67919
23626
13048
62077
67096
07860
29171
54210
27194
05880
47306
01581
17383
41832
56835
51112
16388
20747
11383
45846
10388
09897
55768
37313
17123
52618
37644
59965
67364
67369
24520
62301
09639
23641
34515
28187
53917
07450
23278
51272
22277
36487
04135
27381
39005
57260
06326
12004
49577
57818
63382
49808
68166
70127
61946
33517
33537
38184
38182
02832
02831
58236
31758
26088
50407
50403
52801
22642
29461
32258
57679
52114
41360
48544
54661
39197
53029
53027
21415
21414
10140
40094
14583
51494
17993
55847
13857
19255
07306
27017
27013
56110
56113
57242
57792
33880
63076
49088
49082
05761
52564
68104
58952
14855
02473
07284
18774
59796
67177
40582
37332
53899
01263
28880
61240
45524
19752
24686
12941
13507
41486
64543
42570
53880
25575
58663
60701
10696
10249
53551
70374
37429
25182
48214
45636
05959
44522
63447
01248
15825
25981
59969
34336
50853
45777
07490
50250
32598
50141
51816
06366
26074
45432
67257
58028
70166
13317
58794
64201
36123
44740
04128
03328
59770
39604
18577
26984
18755
64417
50507
07809
02879
36927
55677
25376
54011
40055
16949
57604
07523
41981
09256
03641
15807
58588
18326
02997
27485
29073
15372
59230
50831
58900
50578
03640
19851
48297
47243
11443
67274
43146
62343
43995
41513
31567
63855
44491
44494
34270
51795
05857
31734
01161
34016
40641
49776
13681
43343
07756
61067
01397
60887
00903
52319
49254
05197
63574
05997
70333
70334
18309
70234
62152
48305
67506
41704
15427
04905
59254
31056
32558
55736
01996
50107
55559
53640
45329
56285
07635
57776
13357
20152
05296
41069
28811
39503
49938
14748
04814
31317
35343
62781
10608
61737
23955
23959
28148
55155
12749
52998
56368
38319
10673
52197
18640
05607
17588
67622
50554
54598
10584
10588
37912
40010
37348
67382
61147
07383
26757
45927
31072
20108
48409
43732
19456
01555
52295
60384
44969
19235
19237
12019
59120
24878
08888
64260
48603
04442
42601
41008
70271
10448
63125
62834
05813
25270
05815
68090
68093
26697
67715
67710
28557
31216
18115
37512
34585
07246
48982
25318
25646
32329
42477
14318
24995
55748
58581
63826
45974
38008
57034
57037
62447
38061
67017
67019
15397
39333
01959
67908
08858
45163
06455
22109
13708
32519
23855
34834
57731
17958
15874
18901
24857
10139
40994
33061
09731
32275
18283
30261
30269
18137
05686
67733
30881
27752
23992
23447
02484
33644
12703
06028
10965
65877
46260
22907
10639
39749
59109
01805
14372
33057
12067
67962
06929
18939
32829
51077
19413
20387
20382
26955
05621
10156
70231
36940
70237
63472
26964
58449
41895
67204
23846
07202
47336
59317
35147
46964
39844
50064
32675
06550
56695
38982
47478
51312
35566
09855
33450
63315
37201
15937
30987
34401
58914
50273
50272
06630
67949
08897
11039
47782
06941
51633
45872
25410
42558
09245
52236
63675
12119
52588
63415
45252
68034
05986
70213
30515
54255
67772
07957
23669
15031
35122
31179
44565
10095
39147
51939
19331
17945
14644
65302
70029
10195
70022
70026
00424
11900
12306
59143
03797
14682
31097
26008
67437
03107
11014
43221
32866
20508
60306
47108
03587
16597
57680
63658
14101
01651
27047
62487
36907
13222
58488
20029
18198
04056
23643
48905
16357
31159
51771
32451
54615
50535
13463
32119
28119
18725
53251
31841
51959
13418
01194
24918
27933
02517
09322
05564
60226
03004
67651
06407
18031
40340
54915
11318
63890
25830
56347
59835
27440
16313
01513
26258
26250
63185
67131
14960
58359
18200
04694
38721
34871
36658
44166
41604
57805
40808
47609
59404
29660
39451
55180
67541
06530
44714
54838
61187
45835
46155
32999
55280
54804
47721
63372
17511
13750
05628
03281
50962
23567
15190
27673
04871
07226
42657
42655
60338
16086
63961
44530
49481
20798
49884
39880
29620
41668
41667
30820
47092
06737
15175
51028
17934
56168
62523
56162
35506
28453
07422
35610
27081
25024
45484
33056
42254
53830
19332
70198
67277
30051
20965
18854
44469
58705
23809
45454
58708
01394
36236
33811
09945
45672
10295
33390
67495
23326
35549
60947
12197
49139
56393
58138
20771
00602
00601
59607
70298
70297
60764
62728
34836
15741
04039
63233
14634
23008
05927
37120
28318
13801
32692
25003
00838
39431
20670
62479
36861
33125
33126
44267
14601
48249
23414
11095
31780
67354
67829
46997
27638
32902
59057
04833
49323
31436
55356
32208
19093
56552
65717
61219
06298
22071
37827
68008
13553
17024
64047
64049
33041
05016
45858
44677
08739
27191
63219
03360
52321
01215
44896
24539
10411
05797
54829
50932